$ 1 0.000005 10.20027730826997 79 5 50 5e-11
R -48 48 -112 48 0 0 40 5 0 0 0.5
g 48 320 -64 320 0 0
s 112 48 112 320 0 1 false
w 112 320 48 320 0
r 0 48 112 48 0 100
w 0 48 -48 48 0
w 112 48 208 48 0
177 208 48 224 240 1 1.5586210970288086 1.5586210970341758 10 8.2 100
w 112 320 208 320 0
s 256 48 256 128 0 1 false
r 256 128 256 192 0 0.001
162 208 240 208 320 2 default-led 1 1 0 0.01
w 256 48 208 48 0
w 240 176 256 192 0
w 384 176 400 192 0
w 400 48 352 48 0
162 352 240 352 320 2 default-led 1 1 0 0.01
r 400 128 400 192 0 0.001
s 400 48 400 128 0 1 false
w 256 320 352 320 0
177 352 48 368 240 1 0.61555378953816 0.615553789525936 0.01 0.008199999999999999 100
w 256 48 352 48 0
w 256 320 208 320 0
w 528 176 544 192 0
w 544 48 496 48 0
162 496 240 496 320 2 default-led 1 1 0 0.01
r 544 128 544 192 0 0.001
s 544 48 544 128 0 1 false
w 400 320 496 320 0
177 496 48 512 240 1 1.558621089845042 1.5586210898389707 0.01 0.008199999999999999 100
w 400 48 496 48 0
w 400 320 352 320 0
w 672 176 688 192 0
w 688 48 640 48 0
162 640 240 640 320 2 default-led 1 1 0 0.01
r 688 128 688 192 0 0.001
s 688 48 688 128 0 1 false
w 544 320 640 320 0
177 640 48 656 240 1 1.5586210898450403 1.5586210898389687 0.01 0.008199999999999999 100
w 544 48 640 48 0
w 544 320 496 320 0
